0, 48;
1, 48;
2, 48;
3, 48;
4, 48;
5, 48;
6, 48;
7, 48;
8, 48;
9, 48;
10, 48;
11, 48;
12, 48;
13, 48;
14, 48;
15, 48;
16, 48;
17, 48;
18, 48;
19, 48;
20, 48;
21, 48;
22, 48;
23, 48;
24, 48;
25, 48;
26, 48;
27, 48;
28, 48;
29, 48;
30, 48;
31, 48;
32, 59;
33, 59;
34, 59;
35, 59;
36, 59;
37, 59;
38, 59;
39, 59;
40, 59;
41, 59;
42, 59;
43, 59;
44, 59;
45, 59;
46, 59;
47, 59;
48, 55;
49, 55;
50, 55;
51, 55;
52, 55;
53, 55;
54, 55;
55, 55;
56, 55;
57, 55;
58, 55;
59, 55;
60, 55;
61, 55;
62, 55;
63, 55;
64, 55;
