0, 50;
1, 53;
2, 57;
3, 50;
4, 53;
5, 57;
6, 52;
7, 57;
8, 50;
9, 53;
10, 60;
11, 57;
12, 50;
13, 53;
14, 57;
15, 53;
16, 50;
17, 57;
18, 53;
19, 50;
20, 53;
21, 57;
22, 52;
23, 57;
24, 50;
25, 53;
26, 50;
27, 57;
28, 50;
29, 53;
30, 50;
31, 57;
32, 50;
33, 53;
34, 59;
35, 53;
36, 50;
37, 57;
38, 57;
39, 53;
40, 50;
41, 53;
42, 50;
43, 53;
44, 53;
45, 50;
46, 50;
47, 53;
48, 53;
49, 53;
50, 57;
51, 50;
52, 50;
53, 53;
54, 57;
55, 50;
56, 59;
57, 53;
58, 57;
59, 50;
60, 50;
61, 57;
62, 59;
63, 50;
