0, 50;
1, 53;
2, 50;
3, 57;
4, 50;
5, 53;
6, 52;
7, 57;
8, 50;
9, 53;
10, 60;
11, 57;
12, 50;
13, 53;
14, 53;
15, 57;
16, 50;
17, 53;
18, 50;
19, 57;
20, 50;
21, 53;
22, 60;
23, 57;
24, 50;
25, 53;
26, 50;
27, 57;
28, 50;
29, 53;
30, 52;
31, 57;
32, 52;
33, 55;
34, 59;
35, 55;
36, 52;
37, 55;
38, 59;
39, 53;
40, 52;
41, 55;
42, 59;
43, 55;
44, 52;
45, 55;
46, 59;
47, 53;
48, 52;
49, 55;
50, 59;
51, 50;
52, 52;
53, 55;
54, 59;
55, 52;
56, 59;
57, 55;
58, 59;
59, 50;
60, 52;
61, 55;
62, 59;
63, 52;
64, 0;
