0, 48;
1, 52;
2, 55;
3, 59;
4, 52;
5, 55;
6, 48;
7, 59;
8, 60;
9, 72;
10, 48;
11, 52;
12, 74;
13, 52;
14, 55;
15, 59;
16, 48;
17, 52;
18, 48;
19, 55;
20, 52;
21, 59;
22, 52;
23, 55;
24, 48;
25, 52;
26, 55;
27, 57;
28, 59;
29, 72;
30, 74;
31, 57;
32, 76;
33, 67;
34, 71;
35, 52;
36, 48;
37, 55;
38, 71;
39, 72;
40, 52;
41, 48;
42, 55;
43, 52;
44, 59;
45, 60;
46, 48;
47, 52;
48, 55;
49, 59;
50, 48;
51, 52;
52, 55;
53, 59;
54, 67;
55, 71;
56, 72;
57, 76;
58, 48;
59, 71;
60, 72;
61, 52;
62, 55;
63, 48;
64, 0;
