0, 50;
1, 69;
2, 72;
3, 57;
4, 50;
5, 69;
6, 72;
7, 57;
8, 50;
9, 69;
10, 72;
11, 57;
12, 50;
13, 69;
14, 72;
15, 57;
16, 50;
17, 69;
18, 72;
19, 57;
20, 50;
21, 69;
22, 72;
23, 57;
24, 50;
25, 69;
26, 72;
27, 57;
28, 50;
29, 69;
30, 72;
31, 57;
32, 52;
33, 55;
34, 59;
35, 69;
36, 52;
37, 55;
38, 59;
39, 52;
40, 52;
41, 55;
42, 59;
43, 52;
44, 52;
45, 55;
46, 59;
47, 52;
48, 52;
49, 55;
50, 59;
51, 52;
52, 52;
53, 55;
54, 59;
55, 52;
56, 52;
57, 55;
58, 59;
59, 71;
60, 52;
61, 55;
62, 59;
63, 71;
