0, 50;
1, 53;
2, 50;
3, 57;
4, 48;
5, 53;
6, 52;
7, 59;
8, 50;
9, 53;
10, 60;
11, 57;
12, 60;
13, 53;
14, 53;
15, 57;
16, 50;
17, 60;
18, 50;
19, 60;
20, 50;
21, 53;
22, 60;
23, 57;
24, 50;
25, 53;
26, 50;
27, 57;
28, 50;
29, 53;
30, 52;
31, 57;
32, 50;
33, 53;
34, 57;
35, 57;
36, 50;
37, 53;
38, 59;
39, 53;
40, 50;
41, 53;
42, 57;
43, 60;
44, 50;
45, 53;
46, 59;
47, 60;
48, 48;
49, 53;
50, 59;
51, 50;
52, 53;
53, 57;
54, 57;
55, 50;
56, 60;
57, 57;
58, 60;
59, 50;
60, 60;
61, 53;
62, 59;
63, 50;
64, 0;
