0, 48;
1, 52;
2, 55;
3, 59;
4, 52;
5, 55;
6, 48;
7, 59;
8, 50;
9, 71;
10, 48;
11, 72;
12, 48;
13, 52;
14, 55;
15, 59;
16, 48;
17, 54;
18, 54;
19, 54;
20, 54;
21, 54;
22, 55;
23, 55;
24, 55;
25, 55;
26, 55;
27, 55;
28, 55;
29, 55;
30, 55;
31, 55;
32, 55;
33, 52;
34, 52;
35, 52;
36, 52;
37, 52;
38, 52;
39, 52;
40, 52;
41, 50;
42, 50;
43, 50;
44, 50;
45, 50;
46, 50;
47, 50;
48, 50;
49, 59;
50, 48;
51, 52;
52, 55;
53, 59;
54, 67;
55, 71;
56, 48;
57, 50;
58, 48;
59, 71;
60, 48;
61, 52;
62, 55;
63, 48;
