0, 58;
1, 63;
2, 51;
3, 63;
4, 58;
5, 63;
6, 51;
7, 63;
8, 51;
9, 63;
10, 51;
11, 63;
12, 58;
13, 63;
14, 58;
15, 56;
16, 63;
17, 58;
18, 58;
19, 56;
20, 58;
21, 56;
22, 58;
23, 51;
24, 58;
25, 51;
26, 56;
27, 56;
28, 58;
29, 51;
30, 58;
31, 63;
32, 58;
33, 55;
34, 51;
35, 55;
36, 63;
37, 58;
38, 63;
39, 58;
40, 63;
41, 55;
42, 51;
43, 55;
44, 51;
45, 55;
46, 58;
47, 53;
48, 51;
49, 53;
50, 51;
51, 53;
52, 63;
53, 53;
54, 63;
55, 58;
56, 51;
57, 63;
58, 63;
59, 63;
60, 63;
61, 58;
62, 58;
63, 63;
