0, 48;
1, 50;
2, 52;
3, 55;
4, 50;
5, 52;
6, 55;
7, 50;
8, 55;
9, 48;
10, 52;
11, 53;
12, 55;
13, 48;
14, 52;
15, 53;
16, 55;
17, 48;
18, 52;
19, 53;
20, 55;
21, 48;
22, 52;
23, 53;
24, 55;
25, 48;
26, 53;
27, 55;
28, 48;
29, 52;
30, 53;
31, 55;
32, 48;
33, 52;
34, 53;
35, 55;
36, 48;
37, 52;
38, 53;
39, 55;
40, 48;
41, 73;
42, 55;
43, 48;
44, 52;
45, 53;
46, 55;
47, 48;
48, 52;
49, 53;
50, 55;
51, 48;
52, 52;
53, 48;
54, 50;
55, 52;
56, 55;
57, 48;
58, 50;
59, 52;
60, 55;
61, 50;
62, 52;
63, 55;
64, 0;
