0, 58;
1, 51;
2, 51;
3, 51;
4, 58;
5, 58;
6, 51;
7, 51;
8, 51;
9, 58;
10, 51;
11, 62;
12, 58;
13, 51;
14, 58;
15, 51;
16, 51;
17, 58;
18, 58;
19, 58;
20, 58;
21, 51;
22, 58;
23, 51;
24, 58;
25, 51;
26, 58;
27, 58;
28, 58;
29, 51;
30, 58;
31, 62;
32, 58;
33, 55;
34, 51;
35, 55;
36, 62;
37, 58;
38, 51;
39, 58;
40, 51;
41, 55;
42, 51;
43, 55;
44, 51;
45, 55;
46, 58;
47, 51;
48, 51;
49, 58;
50, 51;
51, 58;
52, 51;
53, 62;
54, 58;
55, 58;
56, 51;
57, 51;
58, 62;
59, 58;
60, 51;
61, 58;
62, 58;
63, 62;
