0, 78;
1, 64;
2, 80;
3, 64;
4, 73;
5, 64;
6, 52;
7, 64;
8, 76;
9, 64;
10, 78;
11, 64;
12, 80;
13, 64;
14, 73;
15, 64;
16, 52;
17, 64;
18, 78;
19, 64;
20, 80;
21, 64;
22, 73;
23, 64;
24, 78;
25, 64;
26, 80;
27, 64;
28, 73;
29, 64;
30, 76;
31, 64;
32, 78;
33, 64;
34, 80;
35, 64;
36, 73;
37, 64;
38, 52;
39, 64;
40, 52;
41, 64;
42, 78;
43, 64;
44, 80;
45, 64;
46, 73;
47, 64;
48, 52;
49, 64;
50, 52;
51, 64;
52, 78;
53, 64;
54, 80;
55, 64;
56, 73;
57, 64;
58, 68;
59, 64;
60, 73;
61, 64;
62, 52;
63, 64;
