0, 55;
1, 58;
2, 62;
3, 55;
4, 58;
5, 55;
6, 62;
7, 55;
8, 65;
9, 79;
10, 74;
11, 55;
12, 58;
13, 62;
14, 79;
15, 77;
16, 72;
17, 65;
18, 55;
19, 74;
20, 58;
21, 72;
22, 69;
23, 62;
24, 74;
25, 55;
26, 58;
27, 62;
28, 79;
29, 77;
30, 72;
31, 69;
32, 65;
33, 62;
34, 55;
35, 79;
36, 72;
37, 74;
38, 72;
39, 69;
40, 65;
41, 55;
42, 58;
43, 62;
44, 55;
45, 58;
46, 79;
47, 72;
48, 65;
49, 69;
50, 74;
51, 55;
52, 58;
53, 58;
54, 62;
55, 79;
56, 69;
57, 65;
58, 74;
59, 55;
60, 58;
61, 58;
62, 62;
63, 74;
