0, 78;
1, 52;
2, 49;
3, 56;
4, 80;
5, 56;
6, 54;
7, 76;
8, 73;
9, 52;
10, 49;
11, 56;
12, 78;
13, 56;
14, 54;
15, 76;
16, 80;
17, 52;
18, 49;
19, 56;
20, 73;
21, 56;
22, 54;
23, 76;
24, 78;
25, 52;
26, 49;
27, 56;
28, 80;
29, 56;
30, 54;
31, 76;
32, 73;
33, 52;
34, 49;
35, 56;
36, 78;
37, 56;
38, 54;
39, 76;
40, 80;
41, 52;
42, 49;
43, 56;
44, 73;
45, 56;
46, 54;
47, 76;
48, 78;
49, 52;
50, 49;
51, 56;
52, 80;
53, 56;
54, 54;
55, 76;
56, 73;
57, 52;
58, 49;
59, 56;
60, 80;
61, 56;
62, 54;
63, 76;
