0, 56;
1, 56;
2, 56;
3, 56;
4, 56;
5, 56;
6, 56;
7, 56;
8, 56;
9, 56;
10, 56;
11, 56;
12, 56;
13, 56;
14, 56;
15, 56;
16, 58;
17, 58;
18, 58;
19, 58;
20, 58;
21, 58;
22, 58;
23, 58;
24, 58;
25, 58;
26, 58;
27, 58;
28, 58;
29, 58;
30, 58;
31, 58;
32, 51;
33, 51;
34, 51;
35, 51;
36, 51;
37, 51;
38, 51;
39, 51;
40, 51;
41, 51;
42, 51;
43, 51;
44, 51;
45, 51;
46, 51;
47, 51;
48, 60;
49, 60;
50, 60;
51, 60;
52, 60;
53, 60;
54, 60;
55, 60;
56, 60;
57, 60;
58, 60;
59, 60;
60, 60;
61, 60;
62, 60;
63, 60;
64, 74;
