0, 53;
1, 53;
2, 53;
3, 53;
4, 53;
5, 53;
6, 53;
7, 53;
8, 53;
9, 53;
10, 53;
11, 53;
12, 53;
13, 53;
14, 53;
15, 53;
16, 55;
17, 55;
18, 55;
19, 55;
20, 55;
21, 55;
22, 55;
23, 55;
24, 55;
25, 55;
26, 55;
27, 55;
28, 55;
29, 55;
30, 55;
31, 55;
32, 56;
33, 56;
34, 56;
35, 56;
36, 56;
37, 56;
38, 56;
39, 56;
40, 56;
41, 56;
42, 56;
43, 56;
44, 56;
45, 56;
46, 56;
47, 56;
48, 58;
49, 58;
50, 58;
51, 58;
52, 58;
53, 58;
54, 58;
55, 58;
56, 58;
57, 58;
58, 58;
59, 58;
60, 58;
61, 58;
62, 58;
63, 58;
64, 74;
